image: map.pgm
resolution: 0.400000
origin: [-33.999985, -2.000000, -nan]
negate: 0
occupied_thresh: 0.65
free_thresh: 0.196

